File name:	SZC027	
Date:	6/7/1991	
UTM Grid Zone:	10S	
"UTM-X, m:"	612273	
"UTM-Y, m:"	4085308	
Datum:	1927 NAD	
"Elevation, m:"	9.8	 
"Total depth, m:"	17.9	
"Water depth, m:"	4.8	 
City:	FAR058                  	
County:	Santa Cruz	
State:	CA	
USGS Quadrangle:	Watsonville East	
Cone No.:	329	
Source:	USGS	
"Surface horiz. offset (seismic source to CPT), m:  NO TESTS"		

Depth (m)	Tip Resistance (MN/m2)	Sleeve Friction (kN/m2)	Inclination (degree)	S-wave travel time (ms)
0.1	1.944	13.4		
0.2	2.58	20.44		
0.3	1.91	12.4		
0.4	1.541	26.47		
0.5	1.307	33.17		
0.6	1.441	21.11		
0.7	2.111	24.8		
0.8	2.379	29.82		
0.9	1.642	21.11		
1	0.972	18.09		
1.1	0.804	17.42		
1.2	0.804	14.07		
1.3	0.838	17.09		
1.4	2.078	24.46		
1.5	3.183	29.82
1.6	2.614	38.54
1.7	1.877	28.82
1.8	1.742	29.15
1.9	2.178	41.55
2	2.111	38.54
2.1	2.145	35.18
2.2	2.178	32.84
2.3	2.178	52.27
2.4	1.944	44.9
2.5	1.944	24.8
2.6	2.212	24.46
2.7	2.513	26.81
2.8	2.781	29.15
2.9	3.049	32.17
3	3.25	34.85
3.1	3.317	30.83
3.2	2.178	19.1
3.3	1.307	14.41
3.4	1.072	28.15
3.5	0.469	23.46
3.6	1.642	50.26
3.7	0.771	27.81
3.8	6.903	59.65
3.9	8.41	67.69
4	8.75	70.7
4.1	7.71	58.64
4.2	9.18	55.63
4.3	10.12	82.4
4.4	9.35	91.1
4.5	8.14	73.7
4.6	6.534	61.32
4.7	3.921	36.19
4.8	2.681	27.14
4.9	3.518	28.48
5	9.35	49.59
5.1	10.96	52.94
5.2	11.36	48.25
5.3	11.29	52.94
5.4	11.16	48.25
5.5	11.23	42.89
5.6	10.72	45.24
5.7	10.49	39.21
5.8	10.69	41.55
5.9	10.42	40.88
6	10.62	42.22
6.1	10.76	46.24
6.2	10.29	38.2
6.3	9.72	34.85
6.4	9.58	33.51
6.5	9.89	35.85
6.6	10.35	39.88
6.7	10.49	42.89
6.8	10.56	46.24
6.9	10.12	42.22
7	10.56	44.9
7.1	11.29	53.95
7.2	10.22	42.89
7.3	9.18	41.22
7.4	8.81	39.88
7.5	8.81	38.2
7.6	9.25	43.56
7.7	8.41	39.54
7.8	8.01	36.86
7.9	8.48	39.54
8	9.01	42.22
8.1	9.89	46.24
8.2	10.76	48.25
8.3	11.86	56.3
8.4	10.49	51.6
8.5	8.11	32.17
8.6	9.01	34.51
8.7	12.57	48.25
8.8	13.57	70
8.9	13.5	67.02
9	13.91	65.01
9.1	14.24	78.7
9.2	14.04	63.67
9.3	12.26	71
9.4	13.27	37.53
9.5	11.46	51.6
9.6	6.032	58.64
9.7	1.374	30.49
9.8	0.938	13.4
9.9	0.838	14.41
10	1.173	26.47
10.1	1.575	56.97
10.2	1.474	64.67
10.3	2.346	76.1
10.4	8.28	59.65
10.5	11.8	65.01
10.6	14.11	83.8
10.7	13.04	96.8
10.8	10.66	86.1
10.9	10.82	68.02
11	12.16	81.8
11.1	14.78	93.8
11.2	15.98	73.1
11.3	16.29	74.4
11.4	14.61	75.4
11.5	13.64	79.1
11.6	13.14	82.1
11.7	11.16	77.7
11.8	9.62	70.4
11.9	9.22	49.59
12	10.19	56.3
12.1	12.3	67.02
12.2	11.16	69.03
12.3	10.29	65.68
12.4	10.05	85.1
12.5	11.13	30.83
12.6	7.74	82.8
12.7	1.608	26.14
12.8	1.173	4.691
12.9	1.173	21.78
13	1.307	27.48
13.1	1.508	63
13.2	1.273	27.48
13.3	1.005	13.07
13.4	0.905	5.697
13.5	1.139	10.05
13.6	1.106	10.72
13.7	1.106	56.97
13.8	5.596	47.58
13.9	1.441	49.59
14	1.106	40.88
14.1	5.462	156.8
14.2	9.48	81.1
14.3	5.596	69.7
14.4	1.441	26.14
14.5	0.838	10.05
14.6	0.838	2.346
14.7	0.871	-0.67
14.8	0.838	12.06
14.9	0.972	5.026
15	0.938	11.06
15.1	3.451	83.8
15.2	11.59	52.27
15.3	11.19	42.89
15.4	11.19	65.01
15.5	5.596	105.9
15.6	7.24	72.4
15.7	10.35	91.5
15.8	19.33	47.58
15.9	17.39	32.17
16	15.72	68.36
16.1	16.59	79.8
16.2	16.18	64.34
16.3	14.01	60.99
16.4	14.07	88.5
16.5	13.87	85.1
16.6	14.17	65.01
16.7	12.2	48.25
16.8	10.25	107.9
16.9	3.384	88.5
17	7.17	126.7
17.1	4.758	128
17.2	12.4	54.28
17.3	14.17	98.2
17.4	18.33	97.8
17.5	22.55	97.8
17.6	26.3	83.8
17.7	25.7	88.8
17.8	22.82	69.36
17.9	24.7	-3200